2724263
467744
479002
1753888
640294
553715
2565272
3621671
2356099
2557599
3715043
3335536
1534970
297705
3403517
3122458
310089
1634726
492044
746357
4301671
2877311
4125548
1483812
3363239
551374
3146801
1725544
1731121
543092
687980
2868817
3868883
3402135
3135642
335082
3570647
1404324
131529
1445769
141041
4339331
312845
3307039
2443539
4318495
1877842
759794
2490483
3660379
76791
1778782
2874184
1354776
3237858
2578401
3318388
1786541
246495
1809692
3200209
3597837
2060353
371786
2869230
2082213
1237675
2339981
1600931
3962431
2658014
2176545
4216948
3687704
2789662
3111348
2174756
2044963
2794770
2040833
2634192
3620749
934601
3240278
1357697
3626617
1197327
4338763
1523056
3256143
2363584
131895
3068313
3288286
900766
4042119
2451378
2094941
2614489
2550375
693112
132508
3432481
207754
1002014
2559171
3301997
483640
2184242
289076
76352
3233982
3023279
513944
264923
2430520
1987732
3759820
3987334
297531
559807
517684
3092901
1618610
4113881
1706849
312866
3342622
2399777
994874
3783668
3670752
131824
2573854
3754971
142852
2364205
3527732
1331941
4334888
3219680
1758233
147217
456914
290023
2023448
2799602
864744
3098755
1958581
2445176
3061159
2554754
1526626
1329955
1261777
2371240
1128314
1646997
3064330
717367
690883
76284
294996
2411927
3006242
2594565
589931
2560557
1610873
2335691
3340069
3912514
1400256
312867
1911619
828254
104292
3123503
3745756
3952702
3335127
1994156
76725
2538102
2381731
3033176
2595680
290224
2415196
2947000
679169
979721
3545833
998549
2155105
4163573
3306967
589931
1345939
2276913
4022486
940167
1776448
1660867
1292061
2430333
3483135
2572543
3570252
434686
2990556
288335
607651
312845
2974991
1748782
2960144
2341802
1006498
3544316
363634
3966573
2456645
3092605
2461222
338925
3848739
1235022
284626
3799815
3540454
543907
1267632
779242
127906
2104455
1399181
3071428
4133607
954020
2522818
141677
510182
3799698
76494
3992346
289785
3370024
1871558
511896
2963581
4301416
3185905
1985547
438002
2533365
2554754
3493514
4160089
1335964
2409132
3471968
2207512
3769490
3710765
2011052
3854114
3094095
3590694
3768494
299908
1054859
2127663
3069304
1450808
840603
76462
1380713
1367425
738709
3204763
2092547
289064
3480197
2090711
3212687
3128048
1281442
642536
1711455
3453663
4113904
2356033
192832
447550
3134021
2785705
2565272
247337
3938521
3241142
143789
3094095
3408333
3951515
903183
3451613
2262239
237178
3771315
857215
76003
998549
3246781
378607
1078882
3504311
3323861
2813570
603951
131930
4182870
1351151
149779
2555246
275764
580172
1783355
2589231
106998
444197
289060
2785705
1078876
208300
237969
2919071
1053799
4297886
3017191
3716069
2936691
2326912
3442613
1315750
955595
3187515
985453
2927783
2911636
3215009
135110
2402400
76725
2300671
1360601
1703882
312455
1212325
3708745
76639
1246755
3297599
3425333
2866659
3293815
2462476
3429127
692165
2382314
3176894
437603
3344223
3340285
3205379
1878220
4364280
76055
2166861
2987338